<?xml version="1.0"?>
<opencv_storage>
<boresight_matrix type_id="opencv-matrix">
  <rows>3</rows>
  <cols>3</cols>
  <dt>d</dt>
  <data>
    0.95960050330120772 -0.0094123801804638797 -206.55411652920478
    -0.0023079072114213415 0.96562606499073012 20.824037497632808
    -3.2990170482336094e-05 -1.7240860662081999e-05 1.</data></boresight_matrix>
</opencv_storage>